360 0.970874 0.017565
361 0.970421 0.017540
362 0.969938 0.017514
363 0.969453 0.017488
364 0.968984 0.017463
365 0.968543 0.017439
366 0.968125 0.017407
367 0.967719 0.017370
368 0.967323 0.017338
369 0.966940 0.017320
370 0.966570 0.017319
371 0.966221 0.017344
372 0.965882 0.017372
373 0.965534 0.017367
374 0.965172 0.017308
375 0.964796 0.017188
376 0.964403 0.017009
377 0.964026 0.016816
378 0.963701 0.016651
379 0.963440 0.016535
380 0.963244 0.016477
381 0.963096 0.016476
382 0.962959 0.016505
383 0.962822 0.016535
384 0.962676 0.016548
385 0.962522 0.016530
386 0.962367 0.016476
387 0.962204 0.016408
388 0.962012 0.016352
389 0.961781 0.016319
390 0.961506 0.016316
391 0.961177 0.016346
392 0.960818 0.016385
393 0.960477 0.016406
394 0.960187 0.016393
395 0.959970 0.016338
396 0.959804 0.016248
397 0.959649 0.016147
398 0.959489 0.016055
399 0.959314 0.015979
400 0.959115 0.015925
401 0.958877 0.015889
402 0.958573 0.015866
403 0.958192 0.015853
404 0.957740 0.015848
405 0.957236 0.015851
406 0.956669 0.015870
407 0.956058 0.015900
408 0.955453 0.015925
409 0.954884 0.015934
410 0.954362 0.015924
411 0.953836 0.015910
412 0.953248 0.015912
413 0.952599 0.015932
414 0.951902 0.015970
415 0.951169 0.016026
416 0.950426 0.016098
417 0.949592 0.016206
418 0.948571 0.016369
419 0.947316 0.016597
420 0.945814 0.016892
421 0.944109 0.017242
422 0.942273 0.017636
423 0.940332 0.018072
424 0.938284 0.018555
425 0.936111 0.019091
426 0.933799 0.019683
427 0.931337 0.020329
428 0.928702 0.021033
429 0.925868 0.021796
430 0.922812 0.022623
431 0.919507 0.023519
432 0.915963 0.024483
433 0.912207 0.025518
434 0.908258 0.026626
435 0.904132 0.027809
436 0.899814 0.029077
437 0.895279 0.030428
438 0.890522 0.031851
439 0.885536 0.033338
440 0.880316 0.034881
441 0.874852 0.036477
442 0.869115 0.038141
443 0.863067 0.039885
444 0.856676 0.041721
445 0.849914 0.043660
446 0.842766 0.045710
447 0.835235 0.047869
448 0.827328 0.050134
449 0.819057 0.052500
450 0.810442 0.054962
451 0.801512 0.057511
452 0.792266 0.060159
453 0.782679 0.062923
454 0.772712 0.065825
455 0.762319 0.068889
456 0.751453 0.072139
457 0.740131 0.075584
458 0.728385 0.079225
459 0.716244 0.083068
460 0.703730 0.087119
461 0.690859 0.091381
462 0.677561 0.095900
463 0.663709 0.100760
464 0.649145 0.106054
465 0.633675 0.111896
466 0.617091 0.118397
467 0.599360 0.125582
468 0.580556 0.133439
469 0.560818 0.141931
470 0.540367 0.150991
471 0.519375 0.160567
472 0.497830 0.170687
473 0.475744 0.181365
474 0.453135 0.192613
475 0.430015 0.204446
476 0.406474 0.216860
477 0.382653 0.229788
478 0.358653 0.243151
479 0.334578 0.256862
480 0.310534 0.270830
481 0.286604 0.284983
482 0.262918 0.299297
483 0.239678 0.313733
484 0.217120 0.328232
485 0.195511 0.342709
486 0.175111 0.357049
487 0.155974 0.371166
488 0.138051 0.385005
489 0.121279 0.398519
490 0.105577 0.411663
491 0.090946 0.424386
492 0.077490 0.436614
493 0.065256 0.448292
494 0.054264 0.459376
495 0.044513 0.469840
496 0.035985 0.479665
497 0.028632 0.488869
498 0.022389 0.497487
499 0.017192 0.505546
500 0.012972 0.513069
501 0.009675 0.520062
502 0.007287 0.526528
503 0.005790 0.532501
504 0.005151 0.538028
505 0.005334 0.543163
506 0.006277 0.547952
507 0.007950 0.552407
508 0.010358 0.556536
509 0.013502 0.560344
510 0.017375 0.563838
511 0.021930 0.567035
512 0.027103 0.569948
513 0.032858 0.572573
514 0.039167 0.574911
515 0.046009 0.576967
516 0.053360 0.578755
517 0.061156 0.580302
518 0.069335 0.581624
519 0.077855 0.582741
520 0.086687 0.583667
521 0.095820 0.584416
522 0.105239 0.585011
523 0.114924 0.585481
524 0.124847 0.585849
525 0.134983 0.586140
526 0.145322 0.586365
527 0.155831 0.586529
528 0.166444 0.586643
529 0.177103 0.586714
530 0.187756 0.586750
531 0.198379 0.586759
532 0.209004 0.586742
533 0.219666 0.586698
534 0.230395 0.586626
535 0.241220 0.586525
536 0.252147 0.586396
537 0.263181 0.586241
538 0.274340 0.586060
539 0.285643 0.585854
540 0.297109 0.585623
541 0.308751 0.585368
542 0.320577 0.585088
543 0.332593 0.584786
544 0.344803 0.584461
545 0.357214 0.584115
546 0.369833 0.583747
547 0.382675 0.583358
548 0.395748 0.582948
549 0.409065 0.582519
550 0.422632 0.582071
551 0.436470 0.581603
552 0.450580 0.581117
553 0.464965 0.580613
554 0.479634 0.580090
555 0.494597 0.579550
556 0.509871 0.578991
557 0.525461 0.578414
558 0.541370 0.577820
559 0.557602 0.577209
560 0.574167 0.576581
561 0.591081 0.575936
562 0.608338 0.575275
563 0.625946 0.574596
564 0.643916 0.573901
565 0.662256 0.573188
566 0.680973 0.572457
567 0.700067 0.571710
568 0.719541 0.570945
569 0.739400 0.570163
570 0.759649 0.569363
571 0.780294 0.568546
572 0.801335 0.567711
573 0.822772 0.566859
574 0.844606 0.565990
575 0.866835 0.565104
576 0.889459 0.564202
577 0.912473 0.563283
578 0.935867 0.562349
579 0.959634 0.561400
580 0.983770 0.560437
581 1.008273 0.559460
582 1.033138 0.558469
583 1.058350 0.557465
584 1.083895 0.556448
585 1.109750 0.555419
586 1.135892 0.554380
587 1.162303 0.553331
588 1.188974 0.552271
589 1.215891 0.551200
590 1.243036 0.550119
591 1.270405 0.549026
592 1.297937 0.547926
593 1.325515 0.546822
594 1.353019 0.545722
595 1.380321 0.544630
596 1.407306 0.543553
597 1.434003 0.542489
598 1.460490 0.541434
599 1.486849 0.540385
600 1.513163 0.539337
601 1.539476 0.538288
602 1.565694 0.537244
603 1.591684 0.536208
604 1.617305 0.535189
605 1.642407 0.534191
606 1.666887 0.533219
607 1.690775 0.532272
608 1.714107 0.531348
609 1.736915 0.530445
610 1.759231 0.529559
611 1.781044 0.528692
612 1.802310 0.527845
613 1.823007 0.527020
614 1.843116 0.526217
615 1.862614 0.525438
616 1.881488 0.524684
617 1.899737 0.523955
618 1.917362 0.523251
619 1.934375 0.522571
620 1.950793 0.521916
621 1.966636 0.521285
622 1.981930 0.520677
623 1.996698 0.520091
624 2.010957 0.519525
625 2.024718 0.518979
626 2.037976 0.518452
627 2.050757 0.517944
628 2.063119 0.517452
629 2.075121 0.516974
630 2.086821 0.516508
631 2.098250 0.516052
632 2.109380 0.515608
633 2.120188 0.515177
634 2.130656 0.514759
635 2.140775 0.514355
636 2.150552 0.513964
637 2.159997 0.513587
638 2.169106 0.513223
639 2.177882 0.512872
640 2.186328 0.512535
641 2.194463 0.512210
642 2.202286 0.511898
643 2.209776 0.511599
644 2.216908 0.511315
645 2.223656 0.511046
646 2.229987 0.510795
647 2.235919 0.510559
648 2.241491 0.510338
649 2.246757 0.510129
650 2.251787 0.509929
651 2.256628 0.509735
652 2.261268 0.509549
653 2.265694 0.509372
654 2.269894 0.509204
655 2.273862 0.509046
656 2.277617 0.508895
657 2.281172 0.508753
658 2.284514 0.508619
659 2.287625 0.508495
660 2.290490 0.508380
661 2.293100 0.508276
662 2.295471 0.508181
663 2.297636 0.508095
664 2.299644 0.508014
665 2.301557 0.507938
666 2.303444 0.507862
667 2.305304 0.507788
668 2.307122 0.507715
669 2.308877 0.507645
670 2.310539 0.507578
671 2.312106 0.507516
672 2.313596 0.507456
673 2.315024 0.507399
674 2.316410 0.507344
675 2.317784 0.507289
676 2.319183 0.507233
677 2.320601 0.507176
678 2.322020 0.507119
679 2.323420 0.507063
680 2.324784 0.507009
681 2.326127 0.506955
682 2.327462 0.506902
683 2.328765 0.506849
684 2.330004 0.506800
685 2.331129 0.506755
686 2.332090 0.506716
687 2.332886 0.506685
688 2.333543 0.506658
689 2.334093 0.506636
690 2.334590 0.506616
691 2.335071 0.506597
692 2.335520 0.506579
693 2.335933 0.506563
694 2.336303 0.506548
695 2.336628 0.506535
696 2.336926 0.506523
697 2.337207 0.506512
698 2.337455 0.506502
699 2.337624 0.506495
700 2.337623 0.506495
701 2.337623 0.506495
702 2.337623 0.506495
703 2.337623 0.506495
704 2.337623 0.506495
705 2.337623 0.506495
706 2.337623 0.506495
707 2.337623 0.506495
708 2.337623 0.506495
709 2.337623 0.506495
710 2.337623 0.506495
711 2.337623 0.506495
712 2.337623 0.506495
713 2.337623 0.506495
714 2.337623 0.506495
715 2.337623 0.506495
716 2.337623 0.506495
717 2.337623 0.506495
718 2.337623 0.506495
719 2.337623 0.506495
720 2.337623 0.506495
721 2.337623 0.506495
722 2.337623 0.506495
723 2.337623 0.506495
724 2.337623 0.506495
725 2.337623 0.506495
726 2.337623 0.506495
727 2.337623 0.506495
728 2.337623 0.506495
729 2.337623 0.506495
730 2.337623 0.506495
731 2.337623 0.506495
732 2.337623 0.506495
733 2.337622 0.506495
734 2.337624 0.506495
735 2.337623 0.506495
736 2.337623 0.506495
737 2.337623 0.506495
738 2.337623 0.506495
739 2.337623 0.506495
740 2.337623 0.506495
741 2.337623 0.506495
742 2.337623 0.506495
743 2.337623 0.506495
744 2.337623 0.506495
745 2.337623 0.506495
746 2.337623 0.506495
747 2.337623 0.506495
748 2.337623 0.506495
749 2.337623 0.506495
750 2.337623 0.506495
751 2.337623 0.506495
752 2.337623 0.506495
753 2.337623 0.506495
754 2.337623 0.506495
755 2.337623 0.506495
756 2.337623 0.506495
757 2.337623 0.506495
758 2.337623 0.506495
759 2.337623 0.506495
760 2.337623 0.506495
761 2.337623 0.506495
762 2.337624 0.506495
763 2.337623 0.506495
764 2.337623 0.506495
765 2.337622 0.506495
766 2.337624 0.506495
767 2.337624 0.506495
768 2.337623 0.506495
769 2.337623 0.506495
770 2.337623 0.506495
771 2.337623 0.506495
772 2.337623 0.506495
773 2.337623 0.506495
774 2.337623 0.506495
775 2.337623 0.506495
776 2.337623 0.506495
777 2.337623 0.506495
778 2.337623 0.506495
779 2.337623 0.506495
780 2.337623 0.506495
781 2.337623 0.506495
782 2.337623 0.506495
783 2.337623 0.506495
784 2.337623 0.506495
785 2.337623 0.506495
786 2.337623 0.506495
787 2.337623 0.506495
788 2.337623 0.506495
789 2.337623 0.506495
790 2.337623 0.506495
791 2.337623 0.506495
792 2.337623 0.506495
793 2.337623 0.506495
794 2.337623 0.506495
795 2.337623 0.506495
796 2.337624 0.506495
797 2.337623 0.506495
798 2.337624 0.506495
799 2.337623 0.506495
800 2.337623 0.506495
801 2.337623 0.506495
802 2.337623 0.506495
803 2.337623 0.506495
804 2.337623 0.506495
805 2.337623 0.506495
806 2.337623 0.506495
807 2.337623 0.506495
808 2.337623 0.506495
809 2.337623 0.506495
810 2.337623 0.506495
811 2.337623 0.506495
812 2.337623 0.506495
813 2.337623 0.506495
814 2.337623 0.506495
815 2.337623 0.506495
816 2.337623 0.506495
817 2.337623 0.506495
818 2.337623 0.506495
819 2.337623 0.506495
820 2.337623 0.506495
821 2.337624 0.506495
822 2.337623 0.506495
823 2.337624 0.506495
824 2.337623 0.506495
825 2.337623 0.506495
826 2.337622 0.506495
827 2.337622 0.506495
828 2.337624 0.506495
829 2.337625 0.506495
830 2.337623 0.506495
360 0.970874 0.017565
