360 0.175560 0.005294
370 0.174821 0.005221
380 0.174112 0.004964
390 0.173801 0.004915
400 0.173337 0.004797
410 0.172577 0.004799
420 0.171407 0.005102
430 0.168878 0.006900
440 0.164412 0.010858
450 0.156641 0.017705
460 0.143960 0.029703
470 0.124118 0.057803
480 0.091294 0.132702
490 0.045391 0.294976
500 0.008168 0.538423
510 0.013870 0.750186
520 0.074302 0.833803
530 0.154722 0.805864
540 0.229620 0.754329
550 0.301604 0.692308
560 0.373102 0.624451
570 0.444062 0.554714
580 0.512486 0.486591
590 0.575151 0.424232
600 0.627037 0.372491
610 0.665764 0.334011
620 0.691504 0.308342
630 0.707918 0.292027
640 0.719033 0.280935
650 0.725992 0.274008
660 0.729969 0.270031
670 0.731993 0.268007
680 0.733417 0.266583
690 0.734390 0.265610
700 0.734690 0.265310
710 0.734690 0.265310
720 0.734690 0.265310
730 0.734690 0.265310
740 0.734690 0.265310
750 0.734690 0.265310
760 0.734690 0.265310
770 0.734690 0.265310
780 0.734690 0.265310
790 0.734690 0.265310
800 0.734690 0.265310
810 0.734690 0.265310
820 0.734690 0.265310
830 0.734690 0.265310
